yTrain:
Min: [-0.621614 -0.691129 -0.279441 -2.8717   -0.268692  1.83565  -0.672217]
Max: [ 0.213501  1.01475   0.699229 -0.883637  0.317143  2.62097   2.74966 ]

kNN:
Min: [-0.621614 -0.691129 -0.27944  -2.8717   -0.268692  1.83565  -0.672217]
Max: [ 0.213501  1.01475   0.699229 -0.883639  0.317143  2.62097   2.74966 ]

Linear Regression:
Min: [-0.42213264 -0.57338546 -0.1565014  -2.81062988 -0.09727365  1.99657548
 -0.02766007]
Max: [ 0.19599026  0.87063105  0.46491454 -1.3033445   0.20521779  2.57266293
  1.90359843]

Neural Network:
Min: [-0.65812517 -0.69205943 -0.28843904 -2.89711304 -0.31196352  1.82509247
 -0.71579113]
Max: [ 0.2308201   1.02373547  0.72264505 -0.86456613  0.33756594  2.67030132
  2.85518284]

Decision Tree:
Min: [-0.62160333 -0.69107    -0.2794325  -2.871695   -0.268684    1.83565667
 -0.672214  ]
Max: [ 0.213397    1.01474333  0.69921625 -0.88364033  0.317143    2.62097
  2.749655  ]

Support Vector Regression:
Min: [-0.41223742 -0.49297221 -0.14561714 -2.80592897 -0.08893373  2.01893341
 -0.03410716]
Max: [ 0.19281906  0.85564497  0.45321133 -1.24306793  0.19050698  2.56978477
  1.90940409]

Random Forest:
Min: [-0.62160793 -0.6911001  -0.27941635 -2.8715509  -0.2686846   1.8356541
 -0.67221175]
Max: [ 0.21329559  1.0147462   0.69919933 -0.88364109  0.31712991  2.6209699
  2.7496577 ]

Gradient Boosting:
Min: [-0.64201363 -0.69698248 -0.29072491 -2.8727218  -0.30639617  1.81229564
 -0.68611132]
Max: [ 0.23850887  1.02866953  0.70908798 -0.85457368  0.32293854  2.64545194
  2.79061746]

Gaussian Process Regression:
Min: [-0.62607369 -0.69099341 -0.28157094 -2.87221089 -0.2823569   1.83508328
 -0.67400721]
Max: [ 0.22811929  1.01684026  0.69905098 -0.87909694  0.31920734  2.63396752
  2.75625163]

Bayesian Linear Regression:
Min: [-0.42091296 -0.57152988 -0.15568048 -2.80913841 -0.09793136  1.99646094
 -0.02895327]
Max: [ 0.19693527  0.87143652  0.46560092 -1.30288892  0.20438401  2.57196881
  1.90448783]

Lasso:
Min: [-0.41787834 -0.55996487 -0.14668977 -2.80356238 -0.09540638  2.01026023
 -0.01900157]
Max: [ 0.18945218  0.86630571  0.46129533 -1.31067926  0.19905419  2.56539693
  1.89274151]

Ridge Regression:
Min: [-0.42094941 -0.57149863 -0.15573688 -2.80910158 -0.09799426  1.99621048
 -0.02943329]
Max: [ 0.19696428  0.87139062  0.46565115 -1.30297237  0.20445999  2.57209765
  1.90480667]

Kernel Ridge Regression:
Min: [-0.68616251 -0.69266406 -0.29092103 -2.87852192 -0.31455819  1.83070015
 -0.71913858]
Max: [ 0.23870237  1.01909514  0.70375385 -0.86876352  0.33045249  2.65280665
  2.8009907 ]

